8
Mesh
Material: 0
2
triangle
pos: -0.884011 2.3185 -6.56797 
nor: 0 -1 0.0008 
dif: 1 1 1 
spe: 0 0 0 
shi: 0
pos: 0.415989 2.31933 -5.51797 
nor: 0 -1 0.0008 
dif: 1 1 1 
spe: 0 0 0 
shi: 0
pos: -0.884011 2.31933 -5.51797 
nor: 0 -1 0.0008 
dif: 1 1 1 
spe: 0 0 0 
shi: 0
triangle
pos: -0.884011 2.3185 -6.56797 
nor: 0 -1 0.0008 
dif: 1 1 1 
spe: 0 0 0 
shi: 0
pos: 0.415989 2.3185 -6.56797 
nor: 0 -1 0.0008 
dif: 1 1 1 
spe: 0 0 0 
shi: 0
pos: 0.415989 2.31933 -5.51797 
nor: 0 -1 0.0008 
dif: 1 1 1 
spe: 0 0 0 
shi: 0
Mesh
Material: 0
2
triangle
pos: -2.95001 -3.16269 -8.8356 
nor: 0 0.0008 1 
dif: 0.8 0.659341 0.43956 
spe: 0.5 0.5 0.5 
shi: 96.0784
pos: 2.54599 2.32531 -8.83997 
nor: 0 0.0008 1 
dif: 0.8 0.659341 0.43956 
spe: 0.5 0.5 0.5 
shi: 96.0784
pos: -3.01401 2.32531 -8.83997 
nor: 0 0.0008 1 
dif: 0.8 0.659341 0.43956 
spe: 0.5 0.5 0.5 
shi: 96.0784
triangle
pos: -2.95001 -3.16269 -8.8356 
nor: 0 0.0008 1 
dif: 0.8 0.659341 0.43956 
spe: 0.5 0.5 0.5 
shi: 96.0784
pos: 2.54599 -3.16269 -8.8356 
nor: 0 0.0008 1 
dif: 0.8 0.659341 0.43956 
spe: 0.5 0.5 0.5 
shi: 96.0784
pos: 2.54599 2.32531 -8.83997 
nor: 0 0.0008 1 
dif: 0.8 0.659341 0.43956 
spe: 0.5 0.5 0.5 
shi: 96.0784
Mesh
Material: 0
2
triangle
pos: -3.01401 2.32531 -8.83997 
nor: 0 -1 0.0008 
dif: 0.8 0.659341 0.43956 
spe: 0.5 0.5 0.5 
shi: 96.0784
pos: 2.54599 2.32976 -3.24797 
nor: 0 -1 0.0008 
dif: 0.8 0.659341 0.43956 
spe: 0.5 0.5 0.5 
shi: 96.0784
pos: -3.01401 2.32976 -3.24797 
nor: 0 -1 0.0008 
dif: 0.8 0.659341 0.43956 
spe: 0.5 0.5 0.5 
shi: 96.0784
triangle
pos: -3.01401 2.32531 -8.83997 
nor: 0 -1 0.0008 
dif: 0.8 0.659341 0.43956 
spe: 0.5 0.5 0.5 
shi: 96.0784
pos: 2.54599 2.32531 -8.83997 
nor: 0 -1 0.0008 
dif: 0.8 0.659341 0.43956 
spe: 0.5 0.5 0.5 
shi: 96.0784
pos: 2.54599 2.32976 -3.24797 
nor: 0 -1 0.0008 
dif: 0.8 0.659341 0.43956 
spe: 0.5 0.5 0.5 
shi: 96.0784
Mesh
Material: 0
2
triangle
pos: 2.54599 -3.15823 -3.2436 
nor: 0 1 -0.0008 
dif: 0.8 0.659341 0.43956 
spe: 0.5 0.5 0.5 
shi: 96.0784
pos: -2.95001 -3.16269 -8.8356 
nor: 0 1 -0.0008 
dif: 0.8 0.659341 0.43956 
spe: 0.5 0.5 0.5 
shi: 96.0784
pos: -2.98201 -3.15823 -3.2436 
nor: 0 1 -0.0008 
dif: 0.8 0.659341 0.43956 
spe: 0.5 0.5 0.5 
shi: 96.0784
triangle
pos: 2.54599 -3.15823 -3.2436 
nor: 0 1 -0.0008 
dif: 0.8 0.659341 0.43956 
spe: 0.5 0.5 0.5 
shi: 96.0784
pos: 2.54599 -3.16269 -8.8356 
nor: 0 1 -0.0008 
dif: 0.8 0.659341 0.43956 
spe: 0.5 0.5 0.5 
shi: 96.0784
pos: -2.95001 -3.16269 -8.8356 
nor: 0 1 -0.0008 
dif: 0.8 0.659341 0.43956 
spe: 0.5 0.5 0.5 
shi: 96.0784
Mesh
Material: 0
2
triangle
pos: -2.98201 -3.15823 -3.2436 
nor: 1 0.0058 -0 
dif: 0.445 0 0 
spe: 0.5 0.5 0.5 
shi: 96.0784
pos: -3.01401 2.32531 -8.83997 
nor: 1 0.0058 -0 
dif: 0.445 0 0 
spe: 0.5 0.5 0.5 
shi: 96.0784
pos: -3.01401 2.32976 -3.24797 
nor: 1 0.0058 -0 
dif: 0.445 0 0 
spe: 0.5 0.5 0.5 
shi: 96.0784
triangle
pos: -2.98201 -3.15823 -3.2436 
nor: 0.9999 0.0117 0.0057 
dif: 0.445 0 0 
spe: 0.5 0.5 0.5 
shi: 96.0784
pos: -2.95001 -3.16269 -8.8356 
nor: 0.9999 0.0117 0.0057 
dif: 0.445 0 0 
spe: 0.5 0.5 0.5 
shi: 96.0784
pos: -3.01401 2.32531 -8.83997 
nor: 0.9999 0.0117 0.0057 
dif: 0.445 0 0 
spe: 0.5 0.5 0.5 
shi: 96.0784
Mesh
Material: 0
2
triangle
pos: 2.54599 -3.15823 -3.2436 
nor: -1 0 0 
dif: 0 0.32 0 
spe: 0.5 0.5 0.5 
shi: 96.0784
pos: 2.54599 2.32531 -8.83997 
nor: -1 0 0 
dif: 0 0.32 0 
spe: 0.5 0.5 0.5 
shi: 96.0784
pos: 2.54599 -3.16269 -8.8356 
nor: -1 0 0 
dif: 0 0.32 0 
spe: 0.5 0.5 0.5 
shi: 96.0784
triangle
pos: 2.54599 -3.15823 -3.2436 
nor: -1 0 0 
dif: 0 0.32 0 
spe: 0.5 0.5 0.5 
shi: 96.0784
pos: 2.54599 2.32976 -3.24797 
nor: -1 0 0 
dif: 0 0.32 0 
spe: 0.5 0.5 0.5 
shi: 96.0784
pos: 2.54599 2.32531 -8.83997 
nor: -1 0 0 
dif: 0 0.32 0 
spe: 0.5 0.5 0.5 
shi: 96.0784
Mesh
Material: 1
10
triangle
pos: 1.24599 -1.50875 -3.89491 
nor: 0 1 -0.0008 
dif: 0.8 0.659341 0.43956 
spe: 0.5 0.5 0.5 
shi: 96.0784
pos: 0.145989 -1.5104 -5.96491 
nor: 0 1 -0.0008 
dif: 0.8 0.659341 0.43956 
spe: 0.5 0.5 0.5 
shi: 96.0784
pos: -0.354011 -1.50914 -4.38491 
nor: 0 1 -0.0008 
dif: 0.8 0.659341 0.43956 
spe: 0.5 0.5 0.5 
shi: 96.0784
triangle
pos: -0.354011 -1.50914 -4.38491 
nor: -0.9534 -0.0002 -0.3017 
dif: 0.8 0.659341 0.43956 
spe: 0.5 0.5 0.5 
shi: 96.0784
pos: 0.145989 -3.1604 -5.9636 
nor: -0.9534 -0.0002 -0.3017 
dif: 0.8 0.659341 0.43956 
spe: 0.5 0.5 0.5 
shi: 96.0784
pos: -0.354011 -3.15914 -4.3836 
nor: -0.9534 -0.0002 -0.3017 
dif: 0.8 0.659341 0.43956 
spe: 0.5 0.5 0.5 
shi: 96.0784
triangle
pos: 1.24599 -1.50875 -3.89491 
nor: -0.2928 0.0008 0.9562 
dif: 0.8 0.659341 0.43956 
spe: 0.5 0.5 0.5 
shi: 96.0784
pos: -0.354011 -3.15914 -4.3836 
nor: -0.2928 0.0008 0.9562 
dif: 0.8 0.659341 0.43956 
spe: 0.5 0.5 0.5 
shi: 96.0784
pos: 1.24599 -3.15875 -3.8936 
nor: -0.2928 0.0008 0.9562 
dif: 0.8 0.659341 0.43956 
spe: 0.5 0.5 0.5 
shi: 96.0784
triangle
pos: 1.72599 -1.51003 -5.49491 
nor: 0.9578 0.0002 0.2873 
dif: 0.8 0.659341 0.43956 
spe: 0.5 0.5 0.5 
shi: 96.0784
pos: 1.24599 -3.15875 -3.8936 
nor: 0.9578 0.0002 0.2873 
dif: 0.8 0.659341 0.43956 
spe: 0.5 0.5 0.5 
shi: 96.0784
pos: 1.72599 -3.16002 -5.4936 
nor: 0.9578 0.0002 0.2873 
dif: 0.8 0.659341 0.43956 
spe: 0.5 0.5 0.5 
shi: 96.0784
triangle
pos: 0.145989 -1.5104 -5.96491 
nor: 0.2851 -0.0008 -0.9585 
dif: 0.8 0.659341 0.43956 
spe: 0.5 0.5 0.5 
shi: 96.0784
pos: 1.72599 -3.16002 -5.4936 
nor: 0.2851 -0.0008 -0.9585 
dif: 0.8 0.659341 0.43956 
spe: 0.5 0.5 0.5 
shi: 96.0784
pos: 0.145989 -3.1604 -5.9636 
nor: 0.2851 -0.0008 -0.9585 
dif: 0.8 0.659341 0.43956 
spe: 0.5 0.5 0.5 
shi: 96.0784
triangle
pos: 1.24599 -1.50875 -3.89491 
nor: 0 1 -0.0008 
dif: 0.8 0.659341 0.43956 
spe: 0.5 0.5 0.5 
shi: 96.0784
pos: 1.72599 -1.51003 -5.49491 
nor: 0 1 -0.0008 
dif: 0.8 0.659341 0.43956 
spe: 0.5 0.5 0.5 
shi: 96.0784
pos: 0.145989 -1.5104 -5.96491 
nor: 0 1 -0.0008 
dif: 0.8 0.659341 0.43956 
spe: 0.5 0.5 0.5 
shi: 96.0784
triangle
pos: -0.354011 -1.50914 -4.38491 
nor: -0.9534 -0.0002 -0.3017 
dif: 0.8 0.659341 0.43956 
spe: 0.5 0.5 0.5 
shi: 96.0784
pos: 0.145989 -1.5104 -5.96491 
nor: -0.9534 -0.0002 -0.3017 
dif: 0.8 0.659341 0.43956 
spe: 0.5 0.5 0.5 
shi: 96.0784
pos: 0.145989 -3.1604 -5.9636 
nor: -0.9534 -0.0002 -0.3017 
dif: 0.8 0.659341 0.43956 
spe: 0.5 0.5 0.5 
shi: 96.0784
triangle
pos: 1.24599 -1.50875 -3.89491 
nor: -0.2928 0.0008 0.9562 
dif: 0.8 0.659341 0.43956 
spe: 0.5 0.5 0.5 
shi: 96.0784
pos: -0.354011 -1.50914 -4.38491 
nor: -0.2928 0.0008 0.9562 
dif: 0.8 0.659341 0.43956 
spe: 0.5 0.5 0.5 
shi: 96.0784
pos: -0.354011 -3.15914 -4.3836 
nor: -0.2928 0.0008 0.9562 
dif: 0.8 0.659341 0.43956 
spe: 0.5 0.5 0.5 
shi: 96.0784
triangle
pos: 1.72599 -1.51003 -5.49491 
nor: 0.9578 0.0002 0.2873 
dif: 0.8 0.659341 0.43956 
spe: 0.5 0.5 0.5 
shi: 96.0784
pos: 1.24599 -1.50875 -3.89491 
nor: 0.9578 0.0002 0.2873 
dif: 0.8 0.659341 0.43956 
spe: 0.5 0.5 0.5 
shi: 96.0784
pos: 1.24599 -3.15875 -3.8936 
nor: 0.9578 0.0002 0.2873 
dif: 0.8 0.659341 0.43956 
spe: 0.5 0.5 0.5 
shi: 96.0784
triangle
pos: 0.145989 -1.5104 -5.96491 
nor: 0.2851 -0.0008 -0.9585 
dif: 0.8 0.659341 0.43956 
spe: 0.5 0.5 0.5 
shi: 96.0784
pos: 1.72599 -1.51003 -5.49491 
nor: 0.2851 -0.0008 -0.9585 
dif: 0.8 0.659341 0.43956 
spe: 0.5 0.5 0.5 
shi: 96.0784
pos: 1.72599 -3.16002 -5.4936 
nor: 0.2851 -0.0008 -0.9585 
dif: 0.8 0.659341 0.43956 
spe: 0.5 0.5 0.5 
shi: 96.0784
Mesh
Material: 0
10
triangle
pos: -0.104011 0.139409 -6.20623 
nor: -0 1 -0.0008 
dif: 0.8 0.659341 0.43956 
spe: 0.5 0.5 0.5 
shi: 96.0784
pos: -2.17401 0.138533 -7.30623 
nor: -0 1 -0.0008 
dif: 0.8 0.659341 0.43956 
spe: 0.5 0.5 0.5 
shi: 96.0784
pos: -1.68401 0.139799 -5.71623 
nor: -0 1 -0.0008 
dif: 0.8 0.659341 0.43956 
spe: 0.5 0.5 0.5 
shi: 96.0784
triangle
pos: -1.68401 -3.1602 -5.7136 
nor: -0.9556 0.0002 0.2945 
dif: 0.8 0.659341 0.43956 
spe: 0.5 0.5 0.5 
shi: 96.0784
pos: -2.17401 0.138533 -7.30623 
nor: -0.9556 0.0002 0.2945 
dif: 0.8 0.659341 0.43956 
spe: 0.5 0.5 0.5 
shi: 96.0784
pos: -2.17401 -3.16147 -7.3036 
nor: -0.9556 0.0002 0.2945 
dif: 0.8 0.659341 0.43956 
spe: 0.5 0.5 0.5 
shi: 96.0784
triangle
pos: -2.17401 0.138533 -7.30623 
nor: -0.3017 -0.0008 -0.9534 
dif: 0.8 0.659341 0.43956 
spe: 0.5 0.5 0.5 
shi: 96.0784
pos: -0.594011 -3.16186 -7.8036 
nor: -0.3017 -0.0008 -0.9534 
dif: 0.8 0.659341 0.43956 
spe: 0.5 0.5 0.5 
shi: 96.0784
pos: -2.17401 -3.16147 -7.3036 
nor: -0.3017 -0.0008 -0.9534 
dif: 0.8 0.659341 0.43956 
spe: 0.5 0.5 0.5 
shi: 96.0784
triangle
pos: -0.594011 0.138135 -7.80623 
nor: 0.9562 -0.0002 -0.2928 
dif: 0.8 0.659341 0.43956 
spe: 0.5 0.5 0.5 
shi: 96.0784
pos: -0.104011 -3.16059 -6.2036 
nor: 0.9562 -0.0002 -0.2928 
dif: 0.8 0.659341 0.43956 
spe: 0.5 0.5 0.5 
shi: 96.0784
pos: -0.594011 -3.16186 -7.8036 
nor: 0.9562 -0.0002 -0.2928 
dif: 0.8 0.659341 0.43956 
spe: 0.5 0.5 0.5 
shi: 96.0784
triangle
pos: -0.104011 0.139409 -6.20623 
nor: 0.2962 0.0008 0.9551 
dif: 0.8 0.659341 0.43956 
spe: 0.5 0.5 0.5 
shi: 96.0784
pos: -1.68401 -3.1602 -5.7136 
nor: 0.2962 0.0008 0.9551 
dif: 0.8 0.659341 0.43956 
spe: 0.5 0.5 0.5 
shi: 96.0784
pos: -0.104011 -3.16059 -6.2036 
nor: 0.2962 0.0008 0.9551 
dif: 0.8 0.659341 0.43956 
spe: 0.5 0.5 0.5 
shi: 96.0784
triangle
pos: -0.104011 0.139409 -6.20623 
nor: -0 1 -0.0008 
dif: 0.8 0.659341 0.43956 
spe: 0.5 0.5 0.5 
shi: 96.0784
pos: -0.594011 0.138135 -7.80623 
nor: -0 1 -0.0008 
dif: 0.8 0.659341 0.43956 
spe: 0.5 0.5 0.5 
shi: 96.0784
pos: -2.17401 0.138533 -7.30623 
nor: -0 1 -0.0008 
dif: 0.8 0.659341 0.43956 
spe: 0.5 0.5 0.5 
shi: 96.0784
triangle
pos: -1.68401 -3.1602 -5.7136 
nor: -0.9556 0.0002 0.2945 
dif: 0.8 0.659341 0.43956 
spe: 0.5 0.5 0.5 
shi: 96.0784
pos: -1.68401 0.139799 -5.71623 
nor: -0.9556 0.0002 0.2945 
dif: 0.8 0.659341 0.43956 
spe: 0.5 0.5 0.5 
shi: 96.0784
pos: -2.17401 0.138533 -7.30623 
nor: -0.9556 0.0002 0.2945 
dif: 0.8 0.659341 0.43956 
spe: 0.5 0.5 0.5 
shi: 96.0784
triangle
pos: -2.17401 0.138533 -7.30623 
nor: -0.3017 -0.0008 -0.9534 
dif: 0.8 0.659341 0.43956 
spe: 0.5 0.5 0.5 
shi: 96.0784
pos: -0.594011 0.138135 -7.80623 
nor: -0.3017 -0.0008 -0.9534 
dif: 0.8 0.659341 0.43956 
spe: 0.5 0.5 0.5 
shi: 96.0784
pos: -0.594011 -3.16186 -7.8036 
nor: -0.3017 -0.0008 -0.9534 
dif: 0.8 0.659341 0.43956 
spe: 0.5 0.5 0.5 
shi: 96.0784
triangle
pos: -0.594011 0.138135 -7.80623 
nor: 0.9562 -0.0002 -0.2928 
dif: 0.8 0.659341 0.43956 
spe: 0.5 0.5 0.5 
shi: 96.0784
pos: -0.104011 0.139409 -6.20623 
nor: 0.9562 -0.0002 -0.2928 
dif: 0.8 0.659341 0.43956 
spe: 0.5 0.5 0.5 
shi: 96.0784
pos: -0.104011 -3.16059 -6.2036 
nor: 0.9562 -0.0002 -0.2928 
dif: 0.8 0.659341 0.43956 
spe: 0.5 0.5 0.5 
shi: 96.0784
triangle
pos: -0.104011 0.139409 -6.20623 
nor: 0.2962 0.0008 0.9551 
dif: 0.8 0.659341 0.43956 
spe: 0.5 0.5 0.5 
shi: 96.0784
pos: -1.68401 0.139799 -5.71623 
nor: 0.2962 0.0008 0.9551 
dif: 0.8 0.659341 0.43956 
spe: 0.5 0.5 0.5 
shi: 96.0784
pos: -1.68401 -3.1602 -5.7136 
nor: 0.2962 0.0008 0.9551 
dif: 0.8 0.659341 0.43956 
spe: 0.5 0.5 0.5 
shi: 96.0784
